02/06/2017,COMPASS VENDING,106.00,,168.34
02/11/2017,TICKETFLY EVENTS,13.38,,181.72
02/19/2017,ABBY AIRPORT PARKING,18.00,,199.72
02/20/2017,BODY ENERGY CLUB (KITSILA,56.69,,256.41
02/27/2017,BCF-TSAWWASSEN,16.70,,273.11
02/27/2017,BCF-SWARTZ BAY,16.70,,289.81
02/28/2017,NETFLIX.COM,9.99,,299.80
03/06/2017,BALANCE PROTECTION INS,2.84,,302.64
03/06/2017,INTEREST CHARGE -PURCHASE,3.41,,306.05
