01/12/2017,WESTJET     8382122368434,145.03,,289.80
01/12/2017,NEW LEAF,89.00,,378.80
01/15/2017,IMPARK00011888U,2.00,,380.80
01/17/2017,PAYMENT - THANK YOU,,380.80,0.00
01/17/2017,KOODO AIRTIME,197.88,,197.88
01/27/2017,UNIVERSITY OF ALBERTA,50.00,,247.88
01/30/2017,NETFLIX.COM,9.99,,257.87
01/31/2017,PAYMENT - THANK YOU,,247.88,9.99
02/02/2017,UNIVERSITY OF ALBERTA ORS,50.00,,59.99
02/06/2017,BALANCE PROTECTION INS,2.29,,62.28
02/06/2017,INTEREST CHARGE -PURCHASE,0.06,,62.34
